Karatsuba,SS,Optimized
0.0017500,0.0028290,0.0003200
0.0018140,0.0011410,0.0001030
0.0016120,0.0000040,0.0000030
0.0016370,0.0007980,0.0000540
0.0014110,0.0006360,0.0000600
0.0014100,0.0006370,0.0000490
0.0014010,0.0009580,0.0000650
0.0014240,0.0009780,0.0000710
0.0015810,0.0010510,0.0001000
0.0016100,0.0000120,0.0000030
0.0015620,0.0010020,0.0000700
0.0015870,0.0008860,0.0000690
0.0016340,0.0010100,0.0000850
0.0014110,0.0009050,0.0000690
0.0014090,0.0006890,0.0000440
0.0014250,0.0009460,0.0000710
0.0014010,0.0006160,0.0000370
0.0014470,0.0010380,0.0000790
0.0013440,0.0000030,0.0000020
0.0015010,0.0000100,0.0000030
0.0014410,0.0000090,0.0000020
0.0014390,0.0000090,0.0000030
0.0014330,0.0009650,0.0000830
0.0014160,0.0008700,0.0000660
0.0014470,0.0009290,0.0000760
0.0014650,0.0006190,0.0000290
0.0015330,0.0000110,0.0000030
0.0015600,0.0010540,0.0000850
0.0014510,0.0008170,0.0000640
0.0014140,0.0008830,0.0000680
0.0014370,0.0009710,0.0000930
0.0015350,0.0009290,0.0000710
0.0015110,0.0000090,0.0000030
0.0015430,0.0000090,0.0000040
0.0015690,0.0010020,0.0000840
0.0014470,0.0007660,0.0000480
0.0013540,0.0005810,0.0000340
0.0014120,0.0009140,0.0000700
0.0000010,0.0000020,0.0000010
0.0013940,0.0007810,0.0000520
0.0014740,0.0009220,0.0000800
0.0013280,0.0008410,0.0000460
0.0014440,0.0006380,0.0000390
0.0014690,0.0008760,0.0000640
0.0014370,0.0007930,0.0000620
0.0014320,0.0009220,0.0000800
0.0014070,0.0006370,0.0000410
0.0014340,0.0009210,0.0000790
0.0014020,0.0000080,0.0000020
0.0013300,0.0007860,0.0000430
0.0014340,0.0009580,0.0000780
0.0014270,0.0000190,0.0000020
0.0014550,0.0009500,0.0000760
0.0013140,0.0005600,0.0000300
0.0014260,0.0000080,0.0000030
0.0013630,0.0000040,0.0000020
0.0014020,0.0007340,0.0000540
0.0014510,0.0009310,0.0000810
0.0014300,0.0009160,0.0000720
0.0014170,0.0009460,0.0000700
0.0014360,0.0009220,0.0000800
0.0014140,0.0000030,0.0000020
0.0014690,0.0009200,0.0000780
0.0014330,0.0009530,0.0000790
0.0013980,0.0000020,0.0000030
0.0014090,0.0008840,0.0000630
0.0004370,0.0001040,0.0000100
0.0014160,0.0008450,0.0000610
0.0014550,0.0009230,0.0000810
0.0014100,0.0000080,0.0000030
0.0014390,0.0007880,0.0000480
0.0013140,0.0000050,0.0000010
0.0013240,0.0006460,0.0000270
0.0014030,0.0006830,0.0000540
0.0014170,0.0008680,0.0000620
0.0014170,0.0009770,0.0000780
0.0015500,0.0007550,0.0000630
0.0014640,0.0000040,0.0000020
0.0000560,0.0000010,0.0000020
0.0000020,0.0000020,0.0000000
0.0015910,0.0007250,0.0000580
0.0015610,0.0010750,0.0000840
0.0015030,0.0008070,0.0000390
0.0015370,0.0000050,0.0000040
0.0015640,0.0008640,0.0000560
0.0015820,0.0010020,0.0000710
0.0014900,0.0000060,0.0000020
0.0014430,0.0000040,0.0000040
0.0016330,0.0010840,0.0000950
0.0015530,0.0009830,0.0000680
0.0015020,0.0007270,0.0000330
0.0016100,0.0010630,0.0000960
0.0014820,0.0009430,0.0000640
0.0015640,0.0010500,0.0000930
0.0015870,0.0007430,0.0000460
0.0015060,0.0008530,0.0000540
0.0014410,0.0009660,0.0000830
0.0014030,0.0008040,0.0000580
0.0013480,0.0007990,0.0000460
0.0014330,0.0009270,0.0000800
0.0014350,0.0009230,0.0000790
0.0014060,0.0007390,0.0000560
0.0013990,0.0000090,0.0000020
0.0014340,0.0009470,0.0000610
0.0013750,0.0003100,0.0000220
0.0014930,0.0010520,0.0001010
0.0015860,0.0000040,0.0000040
0.0015080,0.0009420,0.0000840
0.0014100,0.0008710,0.0000630
0.0014330,0.0009210,0.0000800
0.0014030,0.0000040,0.0000020
0.0013980,0.0000090,0.0000040
0.0013130,0.0000040,0.0000030
0.0014540,0.0009500,0.0000690
0.0016020,0.0000090,0.0000030
0.0015600,0.0011190,0.0000880
0.0015880,0.0010160,0.0000790
0.0016040,0.0006070,0.0000420
0.0015210,0.0008260,0.0000440
0.0014630,0.0007870,0.0000510
0.0013970,0.0006080,0.0000420
0.0014550,0.0009370,0.0000810
0.0014640,0.0008040,0.0000540
0.0014390,0.0000020,0.0000040
0.0014260,0.0009240,0.0000790
0.0004380,0.0000030,0.0000020
0.0014360,0.0005820,0.0000380
0.0014100,0.0008880,0.0000660
0.0014600,0.0010580,0.0000920
0.0014360,0.0000020,0.0000020
0.0015590,0.0010350,0.0000900
0.0015460,0.0009980,0.0000870
0.0014480,0.0000040,0.0000040
0.0014680,0.0006300,0.0000380
0.0014270,0.0008250,0.0000490
0.0015790,0.0010260,0.0000920
0.0015570,0.0010010,0.0000870
0.0015310,0.0000100,0.0000040
0.0014350,0.0006060,0.0000310
0.0014920,0.0009300,0.0000820
0.0014350,0.0009070,0.0000640
0.0000510,0.0000030,0.0000000
0.0015020,0.0009870,0.0000840
0.0014700,0.0009240,0.0000790
0.0014100,0.0008970,0.0000670
0.0014370,0.0009190,0.0000790
0.0014030,0.0000040,0.0000020
0.0014550,0.0009210,0.0000800
0.0014130,0.0006980,0.0000450
0.0014040,0.0000030,0.0000020
0.0014400,0.0000080,0.0000030
0.0014240,0.0009260,0.0000690
0.0014580,0.0009220,0.0000580
0.0014080,0.0008540,0.0000640
0.0013190,0.0000040,0.0000020
0.0013990,0.0000040,0.0000030
0.0014270,0.0009220,0.0000830
0.0014050,0.0008630,0.0000630
0.0014280,0.0000090,0.0000020
0.0014060,0.0000040,0.0000030
0.0015620,0.0011870,0.0000980
0.0017270,0.0008550,0.0000510
0.0015250,0.0000030,0.0000030
0.0015340,0.0010120,0.0000810
0.0015650,0.0010070,0.0000870
0.0015290,0.0009730,0.0000750
0.0015320,0.0006990,0.0000490
0.0015530,0.0010340,0.0000780
0.0015560,0.0010050,0.0000910
0.0015270,0.0010150,0.0000740
0.0015520,0.0010020,0.0000900
0.0015530,0.0010040,0.0000980
0.0015240,0.0006440,0.0000460
0.0015560,0.0010040,0.0000880
0.0015500,0.0009950,0.0000860
0.0015340,0.0009470,0.0000730
0.0014420,0.0006910,0.0000400
0.0015590,0.0010090,0.0000900
0.0014620,0.0008990,0.0000560
0.0015180,0.0005830,0.0000350
0.0014680,0.0006380,0.0000370
0.0015300,0.0008100,0.0000640
0.0015250,0.0008280,0.0000590
0.0014380,0.0000020,0.0000030
0.0015180,0.0000090,0.0000020
0.0015280,0.0010010,0.0000790
0.0015370,0.0000100,0.0000030
0.0015250,0.0006880,0.0000480
0.0015860,0.0010120,0.0000910
0.0015500,0.0010020,0.0000870
0.0015520,0.0009950,0.0000850
0.0015310,0.0009620,0.0000760
0.0015390,0.0010000,0.0000790
0.0015510,0.0010010,0.0000880
0.0015530,0.0010040,0.0000860
0.0015570,0.0009980,0.0000860
0.0015240,0.0009670,0.0000710
0.0015650,0.0010250,0.0000900
0.0015840,0.0010340,0.0000910
0.0015890,0.0011320,0.0001070
0.0015090,0.0005580,0.0000400
0.0013280,0.0000030,0.0000020
0.0013180,0.0005070,0.0000190
0.0014360,0.0009680,0.0000830
0.0014790,0.0010280,0.0000860
0.0013930,0.0000040,0.0000020
0.0015190,0.0009080,0.0000710
0.0014340,0.0000020,0.0000030
0.0014880,0.0009280,0.0000820
0.0014350,0.0009200,0.0000790
0.0014010,0.0000100,0.0000020
0.0013530,0.0008610,0.0000550
0.0013210,0.0000020,0.0000020
0.0014040,0.0006820,0.0000470
0.0014590,0.0009840,0.0000820
0.0014110,0.0007710,0.0000480
0.0013990,0.0000030,0.0000020
0.0013300,0.0007280,0.0000470
0.0014560,0.0005310,0.0000120
0.0013550,0.0005820,0.0000270
0.0014070,0.0008980,0.0000650
0.0014050,0.0000020,0.0000020
0.0014400,0.0008840,0.0000660
0.0014780,0.0009430,0.0000400
0.0015550,0.0000100,0.0000030
0.0016370,0.0011360,0.0001000
0.0015940,0.0009970,0.0000800
0.0015630,0.0009770,0.0000840
0.0014710,0.0009100,0.0000620
0.0014560,0.0008510,0.0000710
0.0014100,0.0000080,0.0000030
0.0013180,0.0002530,0.0000140
0.0014020,0.0000080,0.0000030
0.0013460,0.0000050,0.0000020
0.0013260,0.0007090,0.0000320
0.0014300,0.0009250,0.0000800
0.0015690,0.0010410,0.0000840
0.0014380,0.0009620,0.0000790
0.0014120,0.0008680,0.0000640
0.0014310,0.0000020,0.0000040
0.0013130,0.0000020,0.0000030
0.0014040,0.0006390,0.0000510
0.0014070,0.0008910,0.0000570
0.0014090,0.0008500,0.0000660
0.0014260,0.0000080,0.0000020
0.0016440,0.0011390,0.0000940
0.0014390,0.0007450,0.0000450
0.0016010,0.0010450,0.0000900
0.0015410,0.0009860,0.0000730
0.0016260,0.0010840,0.0000960
0.0015550,0.0000110,0.0000030
0.0015630,0.0006970,0.0000530
0.0015620,0.0010100,0.0000690
0.0016090,0.0010500,0.0000950
0.0014530,0.0000050,0.0000020
0.0014630,0.0000030,0.0000020
0.0015680,0.0006460,0.0000450
0.0014680,0.0007690,0.0000390
0.0015650,0.0010200,0.0000810
0.0015510,0.0010030,0.0000880
0.0015250,0.0006320,0.0000460
0.0014240,0.0000050,0.0000020
0.0015730,0.0010130,0.0000890
0.0015520,0.0009980,0.0000870
0.0015950,0.0010300,0.0000900
0.0015110,0.0000090,0.0000040
0.0014490,0.0000050,0.0000030
0.0015660,0.0010160,0.0000930
0.0015480,0.0009980,0.0000980
0.0015680,0.0010050,0.0000860
0.0015170,0.0000030,0.0000030
0.0014460,0.0000040,0.0000030
0.0014300,0.0005680,0.0000180
0.0014340,0.0000030,0.0000020
0.0015410,0.0006520,0.0000440
0.0015320,0.0000090,0.0000040
0.0015760,0.0010260,0.0000850
0.0015200,0.0005630,0.0000070
0.0015150,0.0000030,0.0000020
0.0014760,0.0000030,0.0000020
0.0015760,0.0010150,0.0000900
0.0015760,0.0011650,0.0000930
0.0015550,0.0008740,0.0000650
0.0014380,0.0008680,0.0000480
0.0015360,0.0009490,0.0000650
0.0001590,0.0000020,0.0000010
0.0015460,0.0000100,0.0000030
0.0014940,0.0000060,0.0000030
0.0016690,0.0011710,0.0000830
0.0015040,0.0009300,0.0000800
0.0014220,0.0009200,0.0000700
0.0013600,0.0003550,0.0000020
0.0004370,0.0000020,0.0000020
0.0014140,0.0008940,0.0000730
0.0014600,0.0006360,0.0000390
0.0004390,0.0002220,0.0000320
0.0014070,0.0005430,0.0000220
0.0013480,0.0007020,0.0000450
0.0014190,0.0006150,0.0000460
0.0013310,0.0005510,0.0000250
0.0014120,0.0008490,0.0000610
0.0013950,0.0000020,0.0000020
0.0014020,0.0000040,0.0000020
0.0014050,0.0009060,0.0000690
0.0014090,0.0009090,0.0000590
0.0013260,0.0008610,0.0000410
0.0014680,0.0009240,0.0000810
0.0014260,0.0009110,0.0000680
0.0014490,0.0008650,0.0000630
0.0014440,0.0007670,0.0000540
0.0014180,0.0006140,0.0000440
0.0014330,0.0009210,0.0000790
0.0014280,0.0009190,0.0000780
0.0014610,0.0008190,0.0000600
0.0014040,0.0007610,0.0000510
0.0014120,0.0008450,0.0000610
0.0014100,0.0008590,0.0000640
0.0013190,0.0005010,0.0000220
0.0015240,0.0010290,0.0000910
0.0014640,0.0000100,0.0000020
0.0013650,0.0000050,0.0000030
0.0014290,0.0008000,0.0000510
0.0014100,0.0008060,0.0000550
0.0014360,0.0009230,0.0000810
0.0013210,0.0003410,0.0000020
0.0015510,0.0010090,0.0000900
0.0014550,0.0009220,0.0000530
0.0015700,0.0010000,0.0000870
0.0016590,0.0010250,0.0001080
0.0016540,0.0011250,0.0000920
0.0015520,0.0008320,0.0000660
0.0015710,0.0010200,0.0000930
0.0014400,0.0006860,0.0000420
0.0015890,0.0010620,0.0000950
0.0015030,0.0005580,0.0000270
0.0013890,0.0008350,0.0000490
0.0014420,0.0009290,0.0000810
0.0014360,0.0009190,0.0000790
0.0014030,0.0006650,0.0000420
0.0017100,0.0014830,0.0000820
0.0014710,0.0006370,0.0000370
0.0014080,0.0008660,0.0000580
0.0014400,0.0009240,0.0000800
0.0014370,0.0000030,0.0000040
0.0014900,0.0009200,0.0000770
0.0014280,0.0009170,0.0000730
0.0014430,0.0006700,0.0000420
0.0014180,0.0009020,0.0000660
0.0004380,0.0000020,0.0000020
0.0014110,0.0008850,0.0000580
0.0013710,0.0008240,0.0000540
0.0014410,0.0000050,0.0000030
0.0014320,0.0009270,0.0000810
0.0014130,0.0008590,0.0000590
0.0014470,0.0000040,0.0000020
0.0014660,0.0009210,0.0000800
0.0013200,0.0000020,0.0000020
0.0014050,0.0005830,0.0000430
0.0014120,0.0006810,0.0000490
0.0013200,0.0007230,0.0000380
0.0014330,0.0009200,0.0000800
0.0014060,0.0006770,0.0000460
0.0014270,0.0005390,0.0000260
0.0014580,0.0009200,0.0000790
0.0013240,0.0007740,0.0000470
0.0014070,0.0009220,0.0000670
0.0014310,0.0009450,0.0000740
0.0014050,0.0008650,0.0000640
0.0014330,0.0009190,0.0000800
0.0014030,0.0000090,0.0000030
0.0014590,0.0009220,0.0000800
0.0014330,0.0009160,0.0000780
0.0004340,0.0000020,0.0000020
0.0014210,0.0008670,0.0000500
0.0001470,0.0000020,0.0000010
0.0014030,0.0009350,0.0000670
0.0013880,0.0006080,0.0000340
0.0014060,0.0008430,0.0000490
0.0015530,0.0009720,0.0000810
0.0015250,0.0007810,0.0000630
0.0013540,0.0009130,0.0000620
0.0014010,0.0000030,0.0000020
0.0014510,0.0005730,0.0000370
0.0014340,0.0009290,0.0000830
0.0013640,0.0007110,0.0000450
0.0014100,0.0005680,0.0000380
0.0004360,0.0001110,0.0000110
0.0014580,0.0009240,0.0000810
0.0014400,0.0005640,0.0000350
0.0013150,0.0005390,0.0000270
0.0013240,0.0000050,0.0000020
0.0014110,0.0008470,0.0000650
0.0014310,0.0009100,0.0000680
0.0014300,0.0009200,0.0000790
0.0014560,0.0009200,0.0000770
0.0014540,0.0009180,0.0000800
0.0013640,0.0009120,0.0000600
0.0013330,0.0006680,0.0000340
0.0014160,0.0009530,0.0000840
0.0014520,0.0008940,0.0000640
0.0014330,0.0009210,0.0000780
0.0014070,0.0008370,0.0000630
0.0014300,0.0006720,0.0000400
0.0014840,0.0000030,0.0000030
0.0015470,0.0010100,0.0000860
0.0015500,0.0009930,0.0000850
0.0015210,0.0009320,0.0000710
0.0015020,0.0009230,0.0000790
0.0014220,0.0009050,0.0000530
0.0013410,0.0006460,0.0000350
0.0014180,0.0006570,0.0000380
0.0014540,0.0000040,0.0000030
0.0015370,0.0010080,0.0000790
0.0015700,0.0010050,0.0000870
0.0015660,0.0008740,0.0000740
0.0014330,0.0009220,0.0000800
0.0013940,0.0006210,0.0000320
0.0014350,0.0009480,0.0000780
0.0014320,0.0008500,0.0000570
0.0014390,0.0009210,0.0000780
0.0014330,0.0009180,0.0000810
0.0014610,0.0009180,0.0000770
0.0014140,0.0008940,0.0000710
0.0014600,0.0009190,0.0000790
0.0015150,0.0009120,0.0000680
0.0014310,0.0009470,0.0000800
0.0013650,0.0007770,0.0000390
0.0014120,0.0007600,0.0000610
0.0015130,0.0009190,0.0000790
0.0014040,0.0005150,0.0000130
0.0014680,0.0009060,0.0000660
0.0014080,0.0009010,0.0000520
0.0014410,0.0008170,0.0000630
0.0014200,0.0008070,0.0000570
0.0013610,0.0008390,0.0000520
0.0014070,0.0006850,0.0000450
0.0014070,0.0008620,0.0000640
0.0014570,0.0008390,0.0000670
0.0015070,0.0000030,0.0000030
0.0015650,0.0000030,0.0000020
0.0016140,0.0008030,0.0000650
0.0016230,0.0008060,0.0000490
0.0015810,0.0010060,0.0000800
0.0015780,0.0010900,0.0000950
0.0014270,0.0009180,0.0000710
0.0014030,0.0007850,0.0000500
0.0000030,0.0000000,0.0000010
0.0014160,0.0009400,0.0000710
0.0014040,0.0000020,0.0000030
0.0014420,0.0008090,0.0000610
0.0013630,0.0007720,0.0000460
0.0014070,0.0000090,0.0000020
0.0014560,0.0009500,0.0000790
0.0014570,0.0008990,0.0000710
0.0014080,0.0009180,0.0000820
0.0014390,0.0008420,0.0000590
0.0013980,0.0000030,0.0000040
0.0014040,0.0008610,0.0000620
0.0013240,0.0006020,0.0000240
0.0014320,0.0009510,0.0000800
0.0014450,0.0007110,0.0000520
0.0014560,0.0009200,0.0000790
0.0015370,0.0009500,0.0000830
0.0014350,0.0009490,0.0000780
0.0014100,0.0008900,0.0000660
0.0014250,0.0009170,0.0000740
0.0014150,0.0008830,0.0000670
0.0013910,0.0009880,0.0000570
0.0013440,0.0006070,0.0000280
0.0014940,0.0009250,0.0000790
0.0014100,0.0006800,0.0000530
0.0014470,0.0008470,0.0000630
0.0014020,0.0000030,0.0000030
0.0014110,0.0008980,0.0000800
0.0014910,0.0008710,0.0000670
0.0014040,0.0008640,0.0000630
0.0013590,0.0008890,0.0000470
0.0014070,0.0008500,0.0000600
0.0014100,0.0008450,0.0000620
0.0014440,0.0007440,0.0000450
0.0014070,0.0007580,0.0000500
0.0013460,0.0008100,0.0000400
0.0014010,0.0000030,0.0000020
0.0014370,0.0009210,0.0000810
0.0014620,0.0009200,0.0000790
0.0014220,0.0009170,0.0000700
0.0013300,0.0000060,0.0000030
0.0014110,0.0009390,0.0000720
0.0014340,0.0009570,0.0000800
0.0014740,0.0009540,0.0000850
0.0013610,0.0008390,0.0000480
0.0014880,0.0008200,0.0000570
0.0014840,0.0008750,0.0000540
0.0015220,0.0009670,0.0000780
0.0014530,0.0000040,0.0000030
0.0015770,0.0009660,0.0000850
0.0014620,0.0009430,0.0000790
0.0014320,0.0009200,0.0000790
0.0014150,0.0006790,0.0000500
0.0014580,0.0009030,0.0000710
