Karatsuba,SS,Optimized
0.0014460,0.0013080,0.0005390
0.0018390,0.0005920,0.0001080
0.0019000,0.0009900,0.0000720
0.0014670,0.0009520,0.0001830
0.0017070,0.0009200,0.0000620
0.0013260,0.0006310,0.0000320
0.0013970,0.0008200,0.0000430
0.0013190,0.0003570,0.0000170
0.0018580,0.0000040,0.0000020
0.0014070,0.0007830,0.0000510
0.0014070,0.0006860,0.0000460
0.0014360,0.0009190,0.0000820
0.0014340,0.0009210,0.0000790
0.0014020,0.0005800,0.0000430
0.0013180,0.0000050,0.0000030
0.0014830,0.0007630,0.0000550
0.0014330,0.0009190,0.0000810
0.0014320,0.0008930,0.0000590
0.0014100,0.0008110,0.0000490
0.0014710,0.0009140,0.0000710
0.0014040,0.0006390,0.0000410
0.0014410,0.0006630,0.0000510
0.0014320,0.0007770,0.0000510
0.0014340,0.0009570,0.0000780
0.0014510,0.0009680,0.0000800
0.0013980,0.0000030,0.0000030
0.0014470,0.0009560,0.0000780
0.0014820,0.0006870,0.0000500
0.0013380,0.0006250,0.0000300
0.0014900,0.0010470,0.0000940
0.0015820,0.0010750,0.0000840
0.0014830,0.0003570,0.0000030
0.0015150,0.0000100,0.0000030
0.0015210,0.0008990,0.0000570
0.0015360,0.0009880,0.0000770
0.0014330,0.0003700,0.0000170
0.0015200,0.0009750,0.0000850
0.0014010,0.0007820,0.0000450
0.0014420,0.0000090,0.0000030
0.0014300,0.0000080,0.0000020
0.0014090,0.0008140,0.0000620
0.0014110,0.0008640,0.0000660
0.0014120,0.0007610,0.0000580
0.0014580,0.0009450,0.0000810
0.0004340,0.0000010,0.0000010
0.0014240,0.0000090,0.0000030
0.0014320,0.0006810,0.0000470
0.0014880,0.0009920,0.0000800
0.0014070,0.0008740,0.0000630
0.0014100,0.0008620,0.0000530
0.0014370,0.0007810,0.0000560
0.0014620,0.0009260,0.0000800
0.0014860,0.0009290,0.0000740
0.0014160,0.0009070,0.0000700
0.0013760,0.0008710,0.0000520
0.0013160,0.0005100,0.0000210
0.0014620,0.0009220,0.0000790
0.0014390,0.0006600,0.0000520
0.0014330,0.0008390,0.0000600
0.0014380,0.0009190,0.0000790
0.0014580,0.0009570,0.0000780
0.0015310,0.0011060,0.0001010
0.0016020,0.0008760,0.0000630
0.0016630,0.0000110,0.0000030
0.0015050,0.0000040,0.0000030
0.0015960,0.0007040,0.0000420
0.0014740,0.0009510,0.0000830
0.0014240,0.0007110,0.0000450
0.0014390,0.0008670,0.0000540
0.0014070,0.0008920,0.0000700
0.0014360,0.0009080,0.0000710
0.0014330,0.0009180,0.0000790
0.0013310,0.0000040,0.0000020
0.0014340,0.0009190,0.0000780
0.0000020,0.0000000,0.0000010
0.0014270,0.0009150,0.0000730
0.0014350,0.0009380,0.0000780
0.0013200,0.0005250,0.0000230
0.0014320,0.0008180,0.0000570
0.0015140,0.0008710,0.0000670
0.0014310,0.0009510,0.0000800
0.0015120,0.0009360,0.0000830
0.0014040,0.0007870,0.0000510
0.0014870,0.0009310,0.0000810
0.0014030,0.0006120,0.0000430
0.0000090,0.0000010,0.0000010
0.0014380,0.0009100,0.0000690
0.0013200,0.0000040,0.0000030
0.0014320,0.0009210,0.0000780
0.0013540,0.0007870,0.0000470
0.0014100,0.0008520,0.0000540
0.0013560,0.0006880,0.0000380
0.0014860,0.0009240,0.0000790
0.0015230,0.0000100,0.0000030
0.0013150,0.0000040,0.0000030
0.0014320,0.0009340,0.0000820
0.0014330,0.0006600,0.0000540
0.0014360,0.0009220,0.0000780
0.0014110,0.0006400,0.0000460
0.0014130,0.0007850,0.0000510
0.0014330,0.0005810,0.0000400
0.0016080,0.0008890,0.0000660
0.0014350,0.0009550,0.0000790
0.0014060,0.0007810,0.0000590
0.0014340,0.0009230,0.0000800
0.0014350,0.0009180,0.0000790
0.0013190,0.0005780,0.0000280
0.0014390,0.0009200,0.0000710
0.0014370,0.0007430,0.0000560
0.0013970,0.0006830,0.0000410
0.0014080,0.0007600,0.0000470
0.0014240,0.0009020,0.0000710
0.0014540,0.0009390,0.0000790
0.0014420,0.0005870,0.0000360
0.0013440,0.0000040,0.0000020
0.0014070,0.0007560,0.0000500
0.0014110,0.0000090,0.0000020
0.0014000,0.0000080,0.0000030
0.0014320,0.0009220,0.0000800
0.0014460,0.0006440,0.0000330
0.0015330,0.0000090,0.0000030
0.0014700,0.0009290,0.0000830
0.0013130,0.0002580,0.0000370
0.0014390,0.0009080,0.0000660
0.0015410,0.0007480,0.0000540
0.0015410,0.0009160,0.0000550
0.0015450,0.0010060,0.0000870
0.0014940,0.0009120,0.0000700
0.0014600,0.0000100,0.0000020
0.0014600,0.0007640,0.0000600
0.0014550,0.0009190,0.0000810
0.0014330,0.0009190,0.0000770
0.0014040,0.0006330,0.0000480
0.0015470,0.0008860,0.0000540
0.0015530,0.0009970,0.0000890
0.0015560,0.0009910,0.0000860
0.0015280,0.0000030,0.0000030
0.0014830,0.0009670,0.0000490
0.0014270,0.0000030,0.0000030
0.0015340,0.0009610,0.0000570
0.0015140,0.0000030,0.0000040
0.0015480,0.0010110,0.0000870
0.0015360,0.0009160,0.0000680
0.0014910,0.0008500,0.0000640
0.0014740,0.0009210,0.0000820
0.0013250,0.0008290,0.0000340
0.0013180,0.0006750,0.0000310
0.0014040,0.0005840,0.0000350
0.0014070,0.0006380,0.0000440
0.0014340,0.0009040,0.0000530
0.0014120,0.0008030,0.0000600
0.0013490,0.0002920,0.0000140
0.0015280,0.0009290,0.0000970
0.0013160,0.0003510,0.0000230
0.0014610,0.0009580,0.0000790
0.0013180,0.0002610,0.0000120
0.0014090,0.0006390,0.0000400
0.0014040,0.0005390,0.0000170
0.0014360,0.0009190,0.0000800
0.0014030,0.0000080,0.0000020
0.0014560,0.0009180,0.0000810
0.0014080,0.0006810,0.0000540
0.0013550,0.0007550,0.0000500
0.0014100,0.0000080,0.0000030
0.0013500,0.0000020,0.0000030
0.0014380,0.0005390,0.0000190
0.0013590,0.0007120,0.0000510
0.0014180,0.0008950,0.0000710
0.0013430,0.0000010,0.0000020
0.0014380,0.0009190,0.0000800
0.0000010,0.0000010,0.0000010
0.0014010,0.0000030,0.0000020
0.0015080,0.0009340,0.0000850
0.0014350,0.0009340,0.0000850
0.0014450,0.0000030,0.0000020
0.0014990,0.0009150,0.0000710
0.0013170,0.0008030,0.0000380
0.0014850,0.0010070,0.0000620
0.0016560,0.0010890,0.0000960
0.0015570,0.0010230,0.0000820
0.0015020,0.0008460,0.0000460
0.0016080,0.0000050,0.0000030
0.0014810,0.0005850,0.0000350
0.0014210,0.0007090,0.0000630
0.0013310,0.0000020,0.0000020
0.0014340,0.0010400,0.0001060
0.0014740,0.0009320,0.0000690
0.0014390,0.0007270,0.0000470
0.0015260,0.0000090,0.0000030
0.0014480,0.0008570,0.0000530
0.0001640,0.0000010,0.0000020
0.0015360,0.0000100,0.0000020
0.0015110,0.0000080,0.0000020
0.0015380,0.0009930,0.0000740
0.0015480,0.0010200,0.0000860
0.0015330,0.0008320,0.0000520
0.0015590,0.0010290,0.0000830
0.0014350,0.0009200,0.0000770
0.0014280,0.0005240,0.0000160
0.0014330,0.0009520,0.0000800
0.0013210,0.0003260,0.0000020
0.0014150,0.0008670,0.0000660
0.0014320,0.0009180,0.0000780
0.0014280,0.0009160,0.0000770
0.0013640,0.0008300,0.0000480
0.0014240,0.0009450,0.0000710
0.0013170,0.0006490,0.0000350
0.0014210,0.0000080,0.0000030
0.0014330,0.0009230,0.0000780
0.0014110,0.0008940,0.0000660
0.0000020,0.0000010,0.0000000
0.0014070,0.0005210,0.0000110
0.0014370,0.0009170,0.0000800
0.0014340,0.0009180,0.0000800
0.0014340,0.0009210,0.0000770
0.0014650,0.0008950,0.0000670
0.0014070,0.0007610,0.0000590
0.0014310,0.0009180,0.0000790
0.0014440,0.0000030,0.0000030
0.0013290,0.0007600,0.0000480
0.0014690,0.0009610,0.0000880
0.0001470,0.0000010,0.0000010
0.0014520,0.0008920,0.0000650
0.0014000,0.0007790,0.0000550
0.0014330,0.0009250,0.0000820
0.0014300,0.0009190,0.0000790
0.0014330,0.0009170,0.0000770
0.0013170,0.0003060,0.0000030
0.0014080,0.0008600,0.0000640
0.0014350,0.0009190,0.0000780
0.0014350,0.0009430,0.0000790
0.0014630,0.0009180,0.0000770
0.0014610,0.0007430,0.0000500
0.0014000,0.0000080,0.0000040
0.0014340,0.0009190,0.0000790
0.0014520,0.0009080,0.0000640
0.0013380,0.0008870,0.0000510
0.0014090,0.0000090,0.0000030
0.0014520,0.0008910,0.0000580
0.0013170,0.0006060,0.0000220
0.0014000,0.0000090,0.0000020
0.0014250,0.0000080,0.0000020
0.0014220,0.0008580,0.0000750
0.0014010,0.0000020,0.0000030
0.0014330,0.0009200,0.0000790
0.0014310,0.0010120,0.0000880
0.0014050,0.0006610,0.0000510
0.0013150,0.0000030,0.0000020
0.0014390,0.0009180,0.0000800
0.0013470,0.0000020,0.0000020
0.0013160,0.0003330,0.0000230
0.0014480,0.0007340,0.0000460
0.0014050,0.0008750,0.0000570
0.0014330,0.0009200,0.0000790
0.0013610,0.0006780,0.0000350
0.0014300,0.0007880,0.0000600
0.0014340,0.0009190,0.0000790
0.0013310,0.0005460,0.0000250
0.0013150,0.0003330,0.0000170
0.0014350,0.0009220,0.0000780
0.0014070,0.0009080,0.0000650
0.0013150,0.0000020,0.0000030
0.0014190,0.0009490,0.0000710
0.0014050,0.0006370,0.0000400
0.0013230,0.0006140,0.0000370
0.0014190,0.0000090,0.0000030
0.0014340,0.0007080,0.0000480
0.0014620,0.0009230,0.0000800
0.0013210,0.0005540,0.0000420
0.0014130,0.0005830,0.0000230
0.0013220,0.0000040,0.0000020
0.0014250,0.0000020,0.0000030
0.0014640,0.0009270,0.0000820
0.0014940,0.0007050,0.0000530
0.0014690,0.0006880,0.0000470
0.0015300,0.0009350,0.0000700
0.0015220,0.0008770,0.0000650
0.0014450,0.0003840,0.0000270
0.0015000,0.0005880,0.0000360
0.0013580,0.0008010,0.0000550
0.0014060,0.0008820,0.0000590
0.0014000,0.0006630,0.0000480
0.0014370,0.0009210,0.0000790
0.0013960,0.0000030,0.0000020
0.0014350,0.0009180,0.0000790
0.0014350,0.0009880,0.0000850
0.0015710,0.0010330,0.0000900
0.0014450,0.0007760,0.0000350
0.0015420,0.0010260,0.0000820
0.0014400,0.0006950,0.0000350
0.0015660,0.0010050,0.0000920
0.0014460,0.0000030,0.0000020
0.0015440,0.0008180,0.0000570
0.0014270,0.0008420,0.0000450
0.0015360,0.0009170,0.0000900
0.0016620,0.0011090,0.0001070
0.0015690,0.0009430,0.0000850
0.0014360,0.0005190,0.0000100
0.0013150,0.0003250,0.0000020
0.0015040,0.0009530,0.0000820
0.0013190,0.0007110,0.0000380
0.0014060,0.0009080,0.0000640
0.0014420,0.0007600,0.0000460
0.0013220,0.0007110,0.0000360
0.0014520,0.0007210,0.0000500
0.0014200,0.0009040,0.0000670
0.0014230,0.0009520,0.0000790
0.0014550,0.0009250,0.0000800
0.0014290,0.0009230,0.0000780
0.0014350,0.0009180,0.0000790
0.0014630,0.0009200,0.0000790
0.0014640,0.0009360,0.0000790
0.0014150,0.0009060,0.0000600
0.0014110,0.0008800,0.0000660
0.0014330,0.0009210,0.0000810
0.0014600,0.0009190,0.0000780
0.0014030,0.0008570,0.0000630
0.0014100,0.0007450,0.0000510
0.0013530,0.0005510,0.0000240
0.0014880,0.0008600,0.0000680
0.0014050,0.0009100,0.0000650
0.0014140,0.0008170,0.0000620
0.0014300,0.0009200,0.0000810
0.0014720,0.0000090,0.0000020
0.0014390,0.0008910,0.0000670
0.0014730,0.0008700,0.0000570
0.0014150,0.0008690,0.0000660
0.0014060,0.0005630,0.0000340
0.0014300,0.0008590,0.0000590
0.0014060,0.0005630,0.0000360
0.0013910,0.0007510,0.0000360
0.0014170,0.0008690,0.0000660
0.0014750,0.0007150,0.0000470
0.0014050,0.0006850,0.0000520
0.0014090,0.0007890,0.0000620
0.0014520,0.0009080,0.0000650
0.0014060,0.0007910,0.0000480
0.0014080,0.0008880,0.0000680
0.0013160,0.0006240,0.0000340
0.0014840,0.0008960,0.0000830
0.0014060,0.0009130,0.0000670
0.0014310,0.0009010,0.0000680
0.0013790,0.0008720,0.0000530
0.0014060,0.0007610,0.0000570
0.0014070,0.0008950,0.0000560
0.0014170,0.0008980,0.0000660
0.0014350,0.0009460,0.0000780
0.0014290,0.0010310,0.0000910
0.0014390,0.0008040,0.0000390
0.0013990,0.0007530,0.0000350
0.0001470,0.0000010,0.0000020
0.0014610,0.0000090,0.0000030
0.0004690,0.0000030,0.0000010
0.0014570,0.0009380,0.0000800
0.0014330,0.0009190,0.0000800
0.0014040,0.0008950,0.0000630
0.0014160,0.0009540,0.0000690
0.0014680,0.0009200,0.0000790
0.0015000,0.0009340,0.0000830
0.0004370,0.0000030,0.0000010
0.0013720,0.0006250,0.0000280
0.0014020,0.0000090,0.0000030
0.0014300,0.0009210,0.0000800
0.0014450,0.0007170,0.0000500
0.0015390,0.0009950,0.0000780
0.0015190,0.0006830,0.0000480
0.0015630,0.0010250,0.0000900
0.0014410,0.0000020,0.0000030
0.0014320,0.0008600,0.0000660
0.0014150,0.0000160,0.0000030
0.0014450,0.0009230,0.0000680
0.0013170,0.0005680,0.0000280
0.0014670,0.0009220,0.0000810
0.0014370,0.0009180,0.0000790
0.0000500,0.0000020,0.0000010
0.0014570,0.0009200,0.0000780
0.0014320,0.0009180,0.0000790
0.0014070,0.0007600,0.0000480
0.0013230,0.0005510,0.0000260
0.0014700,0.0009210,0.0000790
0.0013160,0.0000030,0.0000010
0.0014060,0.0000090,0.0000020
0.0014450,0.0008870,0.0000610
0.0015730,0.0010220,0.0000910
0.0015520,0.0006580,0.0000450
0.0015660,0.0009840,0.0000670
0.0015390,0.0000030,0.0000030
0.0015880,0.0010490,0.0000970
0.0000030,0.0000020,0.0000000
0.0015560,0.0007650,0.0000540
0.0015200,0.0006760,0.0000490
0.0015490,0.0010010,0.0000890
0.0015110,0.0005780,0.0000170
0.0014730,0.0009180,0.0000610
0.0015250,0.0007160,0.0000460
0.0014330,0.0000050,0.0000030
0.0015220,0.0000040,0.0000020
0.0015510,0.0010080,0.0000870
0.0015370,0.0009220,0.0000740
0.0014300,0.0000020,0.0000020
0.0014400,0.0008590,0.0000410
0.0015480,0.0010060,0.0000860
0.0014280,0.0005290,0.0000210
0.0015320,0.0006940,0.0000490
0.0004730,0.0000020,0.0000030
0.0015230,0.0009170,0.0000680
0.0015500,0.0008250,0.0000550
0.0015290,0.0009920,0.0000870
0.0015440,0.0009720,0.0000660
0.0015250,0.0009440,0.0000740
0.0014310,0.0000040,0.0000020
0.0014760,0.0006260,0.0000280
0.0015550,0.0010290,0.0000820
0.0015420,0.0010080,0.0000810
0.0014420,0.0000040,0.0000040
0.0015770,0.0010620,0.0000940
0.0015880,0.0007860,0.0000520
0.0016350,0.0009660,0.0000840
0.0017930,0.0012020,0.0000730
0.0015610,0.0008160,0.0000650
0.0015970,0.0007560,0.0000550
0.0015670,0.0006710,0.0000520
0.0016750,0.0010300,0.0000870
0.0014020,0.0000090,0.0000020
0.0014340,0.0008920,0.0000700
0.0014530,0.0009210,0.0000780
0.0014080,0.0008920,0.0000660
0.0013200,0.0000040,0.0000030
0.0014180,0.0009130,0.0000720
0.0014420,0.0008990,0.0000600
0.0000020,0.0000010,0.0000000
0.0013200,0.0005460,0.0000220
0.0014030,0.0000080,0.0000030
0.0014110,0.0007380,0.0000540
0.0014540,0.0010200,0.0000840
0.0014340,0.0009230,0.0000790
0.0014030,0.0000080,0.0000030
0.0014350,0.0008980,0.0000600
0.0014040,0.0000030,0.0000040
0.0014360,0.0009200,0.0000800
0.0014300,0.0009200,0.0000780
0.0013180,0.0003780,0.0000030
0.0014370,0.0006070,0.0000410
0.0014080,0.0008610,0.0000640
0.0014080,0.0007440,0.0000570
0.0014090,0.0008080,0.0000530
0.0013200,0.0003250,0.0000150
0.0014420,0.0000020,0.0000020
0.0014090,0.0008810,0.0000570
0.0014070,0.0008790,0.0000520
0.0014120,0.0008910,0.0000620
0.0014310,0.0009200,0.0000800
0.0014970,0.0010260,0.0001090
0.0014710,0.0000040,0.0000030
0.0000020,0.0000010,0.0000010
0.0014370,0.0009440,0.0000830
0.0014180,0.0008180,0.0000620
0.0013680,0.0000040,0.0000020
0.0014300,0.0000020,0.0000030
0.0014100,0.0008950,0.0000670
0.0015050,0.0009290,0.0000680
0.0014100,0.0008990,0.0000560
0.0013360,0.0007810,0.0000490
0.0013280,0.0000060,0.0000030
0.0013510,0.0000020,0.0000030
0.0001460,0.0000010,0.0000020
0.0014050,0.0006820,0.0000460
0.0013120,0.0003580,0.0000170
0.0013170,0.0003000,0.0000170
0.0014330,0.0009230,0.0000820
0.0014360,0.0009190,0.0000780
0.0014260,0.0009170,0.0000790
0.0013190,0.0000040,0.0000020
0.0014170,0.0008690,0.0000640
0.0014350,0.0009200,0.0000790
0.0013810,0.0007310,0.0000310
0.0014480,0.0009190,0.0000700
0.0014010,0.0000030,0.0000020
0.0013990,0.0000040,0.0000020
0.0014080,0.0007390,0.0000530
0.0014060,0.0008100,0.0000630
0.0014270,0.0009160,0.0000740
0.0014390,0.0009200,0.0000790
0.0014310,0.0008980,0.0000520
0.0013190,0.0000020,0.0000030
0.0014100,0.0008510,0.0000550
0.0015370,0.0008480,0.0000570
0.0014330,0.0000030,0.0000030
0.0014030,0.0006660,0.0000540
0.0004660,0.0000020,0.0000010
0.0014340,0.0009190,0.0000790
0.0014150,0.0009200,0.0000680
0.0014090,0.0000120,0.0000060
0.0014040,0.0005580,0.0000350
0.0014040,0.0000020,0.0000030
0.0014090,0.0009070,0.0000670
0.0014080,0.0007570,0.0000560
0.0014100,0.0008840,0.0000670
0.0014410,0.0009860,0.0000670
0.0014580,0.0000030,0.0000030
